6.443160533905029
9.089007377624512
7.761302471160889
9.187334060668945
13.463395833969116
11.212635278701782
11.2374849319458
14.698747158050537
11.262864112854004
11.784155368804932
13.145569086074829
10.059141397476196
3.9252889156341553
4.853827953338623
4.7517921924591064
3.4399850368499756
5.073841571807861
7.982746839523315
3.14241623878479
5.339693546295166
4.226972579956055
3.366547107696533
3.3987553119659424
3.7789244651794434
4.782882928848267
3.4639360904693604
3.6358723640441895
3.651949405670166
4.162275314331055
3.0535004138946533
2.8922007083892822
6.937259912490845
2.8286335468292236
2.7919411659240723
6.853624582290649
2.738980293273926
6.767726898193359
6.47744083404541
8.821601390838623
12.303284406661987
13.140683650970459
10.158246040344238
8.97607421875
12.417890310287476
11.047355890274048
12.05677843093872
9.091072797775269
9.633663654327393
9.771242380142212
12.320111751556396
9.376667976379395
9.873333215713501
9.869498252868652
9.873750925064087
8.813179731369019
8.572555303573608
8.720078229904175
8.734754800796509
9.262698888778687
14.18092155456543
8.869855880737305
9.051918506622314
11.954358339309692
10.174680471420288
10.019022226333618
13.6005277633667
9.191650390625
9.075073719024658
12.862821817398071
13.046310424804688
12.988288402557373
12.767979145050049
12.880136489868164
10.301811456680298
9.388492107391357
13.83593225479126
12.885315418243408
8.758772134780884
9.934061288833618
10.197251558303833
12.631515502929688
12.11876392364502
8.221843957901001
9.695746183395386
10.85561990737915
13.580344200134277
10.363338947296143
9.517539978027344
8.080071687698364
12.133198499679565
11.691467523574829
8.888260126113892
11.381542921066284
7.628642320632935
11.157297134399414
12.237531900405884
8.722555875778198
10.377474784851074
9.302124738693237
8.49460482597351
11.347131967544556
8.851497888565063
11.35081958770752
12.092674016952515
12.14353060722351
9.530527830123901
9.362178564071655
11.735864400863647
9.751033544540405
9.500589609146118
9.273898839950562
8.823561429977417
11.085678100585938
12.933487176895142
12.035977840423584
8.925141096115112
12.1285080909729
9.507692098617554
8.03965163230896
12.628930807113647
9.89827585220337
8.287806034088135
8.949008703231812
11.50621509552002
11.865097045898438
7.920431137084961
8.149929523468018
12.368268489837646
8.590184211730957
12.340129613876343
10.533074140548706
9.061599254608154
12.306690216064453
8.317765951156616
12.03014326095581
8.460389137268066
11.241980791091919
12.24407958984375
14.209572553634644
9.01821517944336
8.168854713439941
9.11827802658081
10.281249284744263
8.927177429199219
8.84917950630188
9.635661602020264
8.748669385910034
10.087126731872559
10.073627233505249
10.072269201278687
10.084142446517944
6.030899286270142
7.385486125946045
9.684038400650024
7.508251905441284
6.7860143184661865
7.247090816497803
6.248291730880737
12.699544429779053
8.65373158454895
9.716159105300903
12.701671123504639
9.666892290115356
8.600104808807373
9.427340030670166
8.498731136322021
9.404972314834595
8.854298114776611
8.61764121055603
12.620879411697388
13.194932460784912
13.250098943710327
11.110024452209473
8.684154510498047
8.631365299224854
9.687089681625366
9.944597005844116
9.738781452178955
9.32051157951355
9.838973999023438
13.166733503341675
12.383284568786621
8.997498512268066
7.64047908782959
9.315057277679443
8.73389482498169
9.911807298660278
9.190046787261963
9.490850448608398
9.91445541381836
9.50084400177002
10.241393089294434
8.841673135757446
9.98162055015564
12.540876865386963
11.460128545761108
11.996826887130737
11.86539626121521
8.824719190597534
8.601582765579224
12.092113256454468
8.953160524368286
8.882405757904053
10.166484117507935
8.569236040115356
8.888319969177246
2.8286335468292236
2.7919411659240723
6.853624582290649
2.738980293273926
6.767726898193359
6.47744083404541
8.821601390838623
12.303284406661987
13.140683650970459
10.158246040344238
8.97607421875
12.417890310287476
11.047355890274048
12.05677843093872
9.091072797775269
9.633663654327393
9.771242380142212
12.320111751556396
9.376667976379395
9.873333215713501
9.869498252868652
9.873750925064087
8.813179731369019
8.572555303573608
8.720078229904175
8.734754800796509
9.262698888778687
14.18092155456543
8.869855880737305
9.051918506622314
11.954358339309692
10.174680471420288
10.019022226333618
13.6005277633667
9.191650390625
9.075073719024658
12.862821817398071
13.046310424804688
12.988288402557373
12.767979145050049
12.880136489868164
10.301811456680298
9.388492107391357
13.83593225479126
12.885315418243408
8.758772134780884
9.934061288833618
10.197251558303833
12.631515502929688
12.11876392364502
8.221843957901001
9.695746183395386
10.85561990737915
13.580344200134277
10.363338947296143
9.517539978027344
8.080071687698364
12.133198499679565
11.691467523574829
8.888260126113892
11.381542921066284
7.628642320632935
11.157297134399414
12.237531900405884
8.722555875778198
10.377474784851074
9.302124738693237
8.49460482597351
11.347131967544556
8.851497888565063
11.35081958770752
12.092674016952515
12.14353060722351
9.530527830123901
9.362178564071655
11.735864400863647
9.751033544540405
9.500589609146118
9.273898839950562
8.823561429977417
11.085678100585938
12.933487176895142
12.035977840423584
8.925141096115112
12.1285080909729
9.507692098617554
8.03965163230896
12.628930807113647
9.89827585220337
8.287806034088135
8.949008703231812
11.50621509552002
11.865097045898438
7.920431137084961
8.149929523468018
12.368268489837646
8.590184211730957
12.340129613876343
10.533074140548706
9.061599254608154
12.306690216064453
8.317765951156616
12.03014326095581
8.460389137268066
11.241980791091919
12.24407958984375
14.209572553634644
9.01821517944336
8.168854713439941
9.11827802658081
10.281249284744263
8.927177429199219
8.84917950630188
9.635661602020264
8.748669385910034
10.087126731872559
10.073627233505249
10.072269201278687
10.084142446517944
6.030899286270142
7.385486125946045
9.684038400650024
7.508251905441284
6.7860143184661865
7.247090816497803
6.248291730880737
12.699544429779053
8.65373158454895
9.716159105300903
12.701671123504639
9.666892290115356
8.600104808807373
9.427340030670166
8.498731136322021
9.404972314834595
8.854298114776611
8.61764121055603
12.620879411697388
13.194932460784912
13.250098943710327
11.110024452209473
8.684154510498047
8.631365299224854
9.687089681625366
9.944597005844116
9.738781452178955
9.32051157951355
9.838973999023438
13.166733503341675
12.383284568786621
8.997498512268066
7.64047908782959
9.315057277679443
8.73389482498169
9.911807298660278
9.190046787261963
9.490850448608398
9.91445541381836
9.50084400177002
10.241393089294434
8.841673135757446
9.98162055015564
12.540876865386963
11.460128545761108
11.996826887130737
11.86539626121521
8.824719190597534
8.601582765579224
12.092113256454468
8.953160524368286
13.250098943710327
11.110024452209473
8.684154510498047
8.631365299224854
9.687089681625366
9.944597005844116
9.738781452178955
9.32051157951355
9.838973999023438
13.166733503341675
12.383284568786621
8.997498512268066
7.64047908782959
9.315057277679443
8.73389482498169
9.911807298660278
9.190046787261963
9.490850448608398
9.91445541381836
9.50084400177002
10.241393089294434
8.841673135757446
9.98162055015564
12.540876865386963
11.460128545761108
11.996826887130737
11.86539626121521
8.824719190597534
8.601582765579224
12.092113256454468
8.953160524368286
8.882405757904053
10.166484117507935
8.569236040115356
8.888319969177246
2.8286335468292236
2.7919411659240723
6.853624582290649
2.738980293273926
6.767726898193359
6.47744083404541
8.821601390838623
12.303284406661987
13.140683650970459
10.158246040344238
8.97607421875
12.417890310287476
11.047355890274048
12.05677843093872
9.091072797775269
9.633663654327393
9.771242380142212
12.320111751556396
9.376667976379395
9.873333215713501
9.869498252868652
9.873750925064087
8.813179731369019
8.572555303573608
8.720078229904175
8.734754800796509
9.262698888778687
14.18092155456543
8.869855880737305
9.051918506622314
11.954358339309692
10.174680471420288
10.019022226333618
13.6005277633667
9.191650390625
9.075073719024658
12.862821817398071
13.046310424804688
12.988288402557373
12.767979145050049
12.880136489868164
10.301811456680298
9.388492107391357
13.83593225479126
12.885315418243408
8.758772134780884
9.934061288833618
10.197251558303833
12.631515502929688
12.11876392364502
8.221843957901001
9.695746183395386
10.85561990737915
13.580344200134277
10.363338947296143
9.517539978027344
8.080071687698364
12.133198499679565
11.691467523574829
8.888260126113892
11.381542921066284
7.628642320632935
11.157297134399414
12.237531900405884
8.722555875778198
10.377474784851074
9.302124738693237
8.49460482597351
11.347131967544556
8.851497888565063
11.35081958770752
12.092674016952515
12.14353060722351
9.530527830123901
9.362178564071655
11.735864400863647
9.751033544540405
9.500589609146118
9.273898839950562
8.823561429977417
11.085678100585938
12.933487176895142
12.035977840423584
8.925141096115112
12.1285080909729
9.507692098617554
8.03965163230896
12.628930807113647
9.89827585220337
6.690170526504517
8.072206020355225
7.864080905914307
8.179803133010864
10.761773347854614
10.968759298324585
8.239919662475586
11.66127347946167
8.001812934875488
8.219282388687134
7.174515962600708
8.187661170959473
8.342861652374268
10.443883180618286
7.7254884243011475
7.707348108291626
7.10426664352417
7.815217733383179
7.2492170333862305
10.288522958755493
11.543521404266357
8.858443975448608
12.388696193695068
8.37012004852295
12.403579235076904
8.867352962493896
8.756010055541992
9.678674459457397
9.19529104232788
8.969473600387573
9.085258960723877
13.02950644493103
9.446638584136963
8.48538088798523
11.679138898849487
8.509495258331299
11.134160041809082
7.771615028381348
7.51272988319397
7.852696657180786
8.811856031417847
8.340766906738281
9.343995809555054
12.549391031265259
8.561267137527466
8.925994634628296
11.230894804000854
11.339048624038696
8.786093950271606
8.544326305389404
11.38528323173523
8.694594860076904
11.212382078170776
8.171540260314941
7.999446630477905
12.511267185211182
9.180718660354614
11.852898359298706
12.462502002716064
8.881830215454102
8.42929196357727
8.238635540008545
8.392509460449219
8.186034440994263
11.223942518234253
8.494914770126343
8.493493556976318
7.818986892700195
8.236786365509033
8.780958652496338
8.336533069610596
11.120831966400146
10.266660928726196
11.001706838607788
11.2437002658844
10.984245777130127
8.358615398406982
11.159465312957764
7.879777669906616
8.422373056411743
11.3798246383667
11.272696733474731
11.29140853881836
11.843270778656006
8.671863555908203
11.882136821746826
8.789797067642212
9.189433336257935
9.659998416900635
9.455860614776611
8.724659442901611
9.663596153259277
9.733282327651978
8.618856430053711
12.063955068588257
8.624496698379517
7.747145891189575
11.67793321609497
8.451573610305786
7.798106908798218
8.503333806991577
8.566638946533203
7.6397693157196045
7.832413673400879
8.783487796783447
7.709100723266602
8.469146728515625
8.539186954498291
7.640347480773926
11.045282125473022
11.358008861541748
8.581466436386108
8.718487739562988
7.635087966918945
7.721918344497681
8.762755393981934
8.974683284759521
8.561079263687134
8.715829133987427
8.848296880722046
7.92487907409668
8.284449100494385
12.294131755828857
8.534419775009155
11.545212030410767
11.645609140396118
7.945430278778076
7.33668851852417
11.576531648635864
8.712052583694458
8.330564498901367
7.937225580215454
11.433431148529053
11.43603229522705
7.931796312332153
8.49656343460083
7.805510759353638
12.054764032363892
11.30674409866333
10.979581832885742
8.266785621643066
12.266818284988403
12.342791080474854
9.327754735946655
12.136997938156128
12.168632984161377
8.473155975341797
9.137857675552368
12.348195791244507
12.244720935821533
11.915018081665039
12.122705459594727
8.282598495483398
8.794406414031982
13.87160038948059
8.277399778366089
8.774637222290039
12.620615720748901
9.403269052505493
12.258786916732788
11.91791319847107
9.407259702682495
8.45552396774292
7.916255950927734
11.983158588409424
7.898196220397949
8.322208166122437
11.316953420639038
12.684913873672485
9.057968616485596
11.928682327270508
11.881596088409424
8.780796766281128
11.867907285690308
11.903878688812256
11.81520414352417
8.819645404815674
8.837317943572998
8.768937587738037
7.812764406204224
9.23231816291809
9.763789176940918
8.926376104354858
13.599669456481934
9.090847492218018
12.066439628601074
9.259977579116821
11.551225423812866
9.026337146759033
8.378972053527832
11.463984727859497
11.520218849182129
11.40516471862793
12.116276502609253
8.21359634399414
8.827478170394897
9.031381607055664
8.365204572677612
11.475133895874023
11.431715488433838
8.710742712020874
12.001205682754517
7.946924209594727
8.054806232452393
9.15059208869934
11.752113342285156
7.704240322113037
8.750300407409668
10.149460792541504
11.249829292297363
8.448831558227539
11.515006303787231
11.0345938205719
8.572935581207275
10.934826135635376
7.5369884967803955
8.843960046768188
8.335514068603516
8.218926906585693
11.285779476165771
11.013647079467773
7.76664924621582
8.749529838562012
12.735308170318604
10.950616121292114
8.76368260383606
8.399361371994019
9.015758275985718
11.38829231262207
8.75328016281128
6.326582908630371
6.946197986602783
3.299272298812866
2.7628026008605957
3.5579235553741455
6.284327745437622
3.8245651721954346
6.314384460449219
3.249018907546997
6.566012859344482
12.406129121780396
8.769275188446045
8.118643760681152
11.63161849975586
11.566381454467773
11.694185733795166
9.323567867279053
9.000823259353638
9.094141721725464
11.66451358795166
8.340877771377563
9.012546300888062
8.95163631439209
8.90594482421875
9.100257158279419
11.157264947891235
8.34453272819519
8.287435531616211
11.449932098388672
8.954517126083374
11.305359125137329
8.251713514328003
9.110448122024536
9.144800901412964
8.833288192749023
11.905583381652832
12.485756158828735
8.08470606803894
8.156576156616211
9.290989875793457
8.052129983901978
8.346423864364624
11.442385911941528
7.919924259185791
11.391627311706543
11.587399005889893
11.55110239982605
11.427898645401001
8.66251540184021
11.542994022369385
6.765342950820923
3.4574005603790283
7.723451375961304
3.862534761428833
4.390185832977295
3.726768732070923
3.718766927719116
7.005494117736816
3.625886917114258
6.952411413192749
8.373607397079468
11.082008600234985
8.622419834136963
8.109806299209595
8.867329120635986
11.880104303359985
7.825209856033325
8.099055528640747
11.210126638412476
11.350302696228027
9.676166772842407
5.870619773864746
6.506643533706665
5.94531774520874
9.1680006980896
10.263524055480957
6.631472826004028
5.590939044952393
6.526994943618774
5.503465414047241
6.218415260314941
6.723939895629883
9.443460702896118
9.487183094024658
9.53351378440857
9.487734079360962
7.15975546836853
9.43458342552185
6.829881191253662
6.730022668838501
8.390307903289795
8.84035587310791
8.620080947875977
7.986165523529053
7.787825584411621
9.232551574707031
8.997617483139038
10.650152683258057
8.818611860275269
11.006990671157837
8.380155086517334
7.9753453731536865
11.200132369995117
8.656208038330078
8.649718761444092
8.678411960601807
7.738962173461914
7.7737627029418945
8.212233066558838
11.057277202606201
6.12584924697876
6.39657735824585
6.842007160186768
7.000426530838013
5.972449064254761
6.208608388900757
6.802364110946655
10.67447566986084
9.402320384979248
9.553505897521973
7.64500093460083
8.640176057815552
11.27910304069519
8.489312648773193
11.222574472427368
11.841654300689697
7.8709752559661865
7.530820846557617
7.537067651748657
11.114525318145752
8.891088247299194
5.58003568649292
5.80051326751709
5.162505865097046
8.841339111328125
5.918644905090332
8.193467378616333
5.50298810005188
5.228893518447876
8.881272315979004
11.685560464859009
9.099053859710693
11.733145475387573
9.03235387802124
11.631346940994263
12.14182448387146
11.625387907028198
9.162111520767212
11.815988779067993
12.471456527709961
8.211211442947388
10.712955951690674
7.272078990936279
8.511561155319214
8.013388395309448
7.987099885940552
7.827024936676025
9.80595850944519
8.292952060699463
10.811995506286621
8.487343311309814
6.577302932739258
9.400118589401245
9.494027137756348
6.3024680614471436
9.997503995895386
6.800832986831665
6.3079235553741455
6.565007925033569
9.489412784576416
8.65367603302002
11.720566034317017
11.99282193183899
9.141922950744629
11.745461463928223
10.865814208984375
9.338352918624878
8.584450244903564
8.329807996749878
8.249484062194824
8.35206937789917
11.080273389816284
7.934161424636841
10.565721273422241
11.03133773803711
8.497990846633911
7.593302249908447
7.9940879344940186
8.487366437911987
11.144561767578125
9.036389112472534
9.042280912399292
12.119248628616333
8.801349878311157
11.57642149925232
7.924798488616943
8.536331176757812
8.988738059997559
11.338459491729736
8.122911214828491
11.812030792236328
8.267972946166992
9.185361862182617
8.173259258270264
8.628673076629639
11.734242916107178
9.17719554901123
9.318156242370605
9.051504135131836
9.498901128768921
6.720662355422974
9.064652919769287
6.6950843334198
5.817203760147095
6.2464399337768555
9.205489873886108
6.543160915374756
6.706063985824585
6.757205009460449
5.829376459121704
8.997376680374146
9.122068166732788
9.361262559890747
9.231166124343872
8.613450527191162
8.39414644241333
9.255539655685425
8.640904188156128
11.531040906906128
11.57566237449646
8.829016208648682
8.810877561569214
7.629101753234863
11.797003269195557
8.598358869552612
10.69398808479309
11.29028868675232
7.933656930923462
8.204004287719727
11.284369468688965
9.157241821289062
9.082773923873901
8.951400995254517
11.730207204818726
8.456080436706543
11.556031942367554
7.8671488761901855
11.683602809906006
8.073052883148193
12.328907012939453
11.510319471359253
8.946892499923706
11.566578388214111
8.27107310295105
11.486932516098022
11.573760271072388
8.938595533370972
8.94296646118164
9.032050371170044
11.50097107887268
9.099356412887573
11.560376405715942
9.148695707321167
10.659942150115967
7.65394926071167
8.549425840377808
8.708316326141357
8.863469362258911
8.502323865890503
8.530437231063843
