0.11943173408508301
0.10852193832397461
0.13835358619689941
0.5465798377990723
0.5569765567779541
0.1349163055419922
0.3100278377532959
0.5462646484375
0.4198572635650635
0.3346748352050781
0.5361673831939697
0.13736939430236816
0.5585494041442871
0.4800245761871338
0.4330008029937744
0.13095617294311523
0.046884775161743164
0.46780824661254883
0.14866280555725098
0.6187822818756104
0.3274405002593994
0.5158042907714844
0.11943173408508301
0.10852193832397461
0.13835358619689941
0.5465798377990723
0.5569765567779541
0.1349163055419922
0.3100278377532959
0.5462646484375
0.4198572635650635
0.3346748352050781
0.5361673831939697
0.13736939430236816
0.5585494041442871
0.4800245761871338
0.4330008029937744
0.13095617294311523
0.046884775161743164
0.46780824661254883
0.14866280555725098
0.6187822818756104
0.3274405002593994
0.5158042907714844
0.7366209030151367
0.5417490005493164
0.4216933250427246
0.43367600440979004
0.43117570877075195
0.6163570880889893
0.46531033515930176
0.6209361553192139
0.440903902053833
0.13029026985168457
0.455294132232666
0.5800321102142334
0.14493060111999512
0.5840039253234863
0.13660097122192383
0.14955663681030273
0.5476794242858887
0.599179744720459
0.14108729362487793
0.14535927772521973
0.5468528270721436
0.38680410385131836
0.12511539459228516
0.5598773956298828
0.6394782066345215
0.14732027053833008
0.5708239078521729
0.5752308368682861
0.13508224487304688
0.3537919521331787
0.10765552520751953
0.6032388210296631
0.15683770179748535
0.1387474536895752
0.5695412158966064
0.4094688892364502
0.14331316947937012
0.1408839225769043
0.5906410217285156
0.3394804000854492
0.29312825202941895
0.15352988243103027
0.32741689682006836
0.1355574131011963
0.1409292221069336
0.1487443447113037
0.5004103183746338
0.40999627113342285
0.43696045875549316
0.11967110633850098
0.1487729549407959
0.5918076038360596
0.6585216522216797
0.5899806022644043
0.13765740394592285
0.13706231117248535
0.5887718200683594
0.05232858657836914
0.44515061378479004
0.5059788227081299
0.11945915222167969
0.6296682357788086
0.13049817085266113
0.14625120162963867
0.12298989295959473
0.1376359462738037
0.45862722396850586
0.13041186332702637
0.44362711906433105
0.13237929344177246
0.1397383213043213
0.6270654201507568
0.574918270111084
0.13322925567626953
0.4706745147705078
0.13462328910827637
0.38110923767089844
0.578784704208374
0.13161730766296387
0.13551020622253418
0.5748834609985352
0.13507795333862305
0.45488667488098145
0.6148929595947266
0.5873937606811523
0.3348884582519531
0.47564697265625
0.5877246856689453
0.5900683403015137
0.5265090465545654
0.436570405960083
0.3564417362213135
0.34766340255737305
0.5247721672058105
0.47888755798339844
0.4431800842285156
0.5627601146697998
0.5671811103820801
0.13730835914611816
0.5773458480834961
0.13256573677062988
0.5912435054779053
0.35692715644836426
0.5173718929290771
0.35356783866882324
0.172257661819458
0.13695263862609863
0.1363368034362793
0.5705480575561523
0.5893988609313965
0.6115677356719971
0.13356781005859375
0.17907428741455078
0.1527266502380371
0.6334335803985596
0.5977764129638672
0.16771936416625977
0.5668091773986816
0.5720813274383545
0.47026515007019043
0.3966867923736572
0.5556743144989014
0.6493809223175049
0.3537626266479492
0.15021443367004395
0.1872711181640625
0.5485975742340088
0.1553502082824707
0.5704872608184814
0.11716055870056152
0.6284360885620117
0.454695463180542
0.7155904769897461
0.5775408744812012
0.5968294143676758
0.3074984550476074
0.703810453414917
0.5398232936859131
0.416628360748291
0.5735728740692139
0.015001535415649414
0.1290731430053711
0.1541900634765625
0.13969945907592773
0.580986738204956
0.3531794548034668
0.4714367389678955
0.13227200508117676
0.6701452732086182
0.13909697532653809
0.13565659523010254
0.02097320556640625
0.13811016082763672
0.30261754989624023
0.15484261512756348
0.1327979564666748
0.6474318504333496
0.14141082763671875
0.5381643772125244
0.335906982421875
0.6329617500305176
0.13584446907043457
0.1348731517791748
0.45818424224853516
0.4244422912597656
0.3707273006439209
0.4803745746612549
0.1384725570678711
0.37558579444885254
0.1594095230102539
0.6366920471191406
0.14449524879455566
0.7233095169067383
0.14897608757019043
0.15748834609985352
0.15904784202575684
0.4046623706817627
0.6940317153930664
0.3547027111053467
0.5465302467346191
0.15693044662475586
0.44206905364990234
0.5405910015106201
0.1513352394104004
0.31780481338500977
0.13605642318725586
0.45911216735839844
0.141021728515625
0.40775465965270996
0.34513401985168457
0.6681225299835205
0.14934134483337402
0.13712549209594727
0.571561336517334
0.47132277488708496
0.14352154731750488
0.6371862888336182
0.4770522117614746
0.14559054374694824
0.6021454334259033
0.13074421882629395
0.1464238166809082
0.1395738124847412
0.6108014583587646
0.6085174083709717
0.6980335712432861
0.6813604831695557
0.6298904418945312
0.6222083568572998
0.35166096687316895
0.13489007949829102
0.6166965961456299
0.6018564701080322
0.5934884548187256
0.13554930686950684
0.3462545871734619
0.5580916404724121
0.6445870399475098
0.17700886726379395
0.47348856925964355
0.14047765731811523
0.15227460861206055
0.14409279823303223
0.14110970497131348
0.5882630348205566
0.7653441429138184
0.14991092681884766
0.15841388702392578
0.1385667324066162
0.6044788360595703
0.6559677124023438
0.5707340240478516
0.7902991771697998
0.35361695289611816
0.6583654880523682
0.668642520904541
0.528329610824585
0.4995436668395996
0.1606588363647461
0.1794297695159912
0.6444962024688721
0.5743932723999023
0.6306591033935547
0.1507716178894043
0.6201708316802979
0.13489460945129395
0.43723464012145996
0.6199898719787598
0.14948320388793945
0.1725924015045166
0.6025564670562744
0.15234971046447754
0.550623893737793
0.14945673942565918
0.1522533893585205
0.1514880657196045
0.14094972610473633
0.11790943145751953
0.35164952278137207
0.7570972442626953
3.30932354927063
0.3539397716522217
0.13596725463867188
0.5205390453338623
0.5181655883789062
0.4395482540130615
0.5821471214294434
0.5858616828918457
0.5789377689361572
0.13065171241760254
0.35126519203186035
0.6054198741912842
0.524141788482666
0.43892645835876465
0.16197633743286133
0.13787126541137695
0.1120903491973877
0.574303150177002
0.35027074813842773
0.4507772922515869
0.1219182014465332
0.1605396270751953
0.7366502285003662
0.1507701873779297
0.1465156078338623
0.6673569679260254
0.6754209995269775
0.6515507698059082
0.14088773727416992
0.7348403930664062
0.15714287757873535
0.5380761623382568
0.21944427490234375
0.15682077407836914
0.6122283935546875
0.6701633930206299
0.8560996055603027
0.6657698154449463
0.16357040405273438
0.7997257709503174
0.6378180980682373
0.15546154975891113
0.4338359832763672
0.17673230171203613
0.2099018096923828
0.7053356170654297
0.3401486873626709
0.17291641235351562
0.1532151699066162
0.6238970756530762
0.5687808990478516
0.3094789981842041
0.3322722911834717
0.48100972175598145
0.376598596572876
0.34638452529907227
0.1334848403930664
0.5970761775970459
0.520113468170166
0.34015750885009766
0.14356589317321777
0.7021629810333252
0.5873267650604248
0.1589341163635254
0.71101975440979
0.569737434387207
0.16872811317443848
0.586946964263916
0.1314704418182373
0.3513762950897217
0.14142274856567383
0.6232712268829346
0.6155626773834229
0.49514317512512207
0.6138930320739746
0.4444417953491211
0.6224091053009033
0.45433664321899414
0.13416576385498047
0.6261119842529297
0.5972447395324707
0.1314406394958496
0.5999109745025635
0.5468366146087646
0.2987191677093506
0.15070438385009766
0.13527488708496094
0.15704703330993652
0.13584232330322266
0.6154360771179199
0.13789606094360352
0.6081943511962891
0.09125995635986328
0.34925055503845215
0.2559947967529297
0.13357210159301758
0.4551358222961426
0.14146661758422852
0.13252782821655273
0.1388254165649414
0.382657527923584
0.5991599559783936
0.6023921966552734
0.3381059169769287
0.13617467880249023
0.35191941261291504
0.1606597900390625
0.15219879150390625
0.7039844989776611
0.657846212387085
0.24841785430908203
0.6524829864501953
1.0506360530853271
0.6245870590209961
0.7411727905273438
0.4617602825164795
0.7011046409606934
0.1640481948852539
0.769324541091919
0.5950937271118164
0.4672224521636963
0.43579840660095215
0.6034092903137207
0.14842772483825684
0.681365966796875
0.6536524295806885
0.7267374992370605
0.1428835391998291
0.5826172828674316
0.6297516822814941
0.13391375541687012
0.14699864387512207
0.1330122947692871
0.5920765399932861
0.3767664432525635
0.32869768142700195
0.597489595413208
0.62367844581604
0.3449099063873291
0.5955560207366943
0.4275827407836914
0.4421234130859375
0.4286684989929199
0.7767190933227539
0.12645268440246582
0.1461031436920166
0.14079856872558594
0.409529447555542
0.16046690940856934
0.7466461658477783
0.6231184005737305
0.7288281917572021
0.6994116306304932
0.44843339920043945
0.6275966167449951
0.682607889175415
0.5955495834350586
0.1313626766204834
0.16215252876281738
0.15825343132019043
0.13433265686035156
0.13820528984069824
0.34429240226745605
0.12537360191345215
0.12772011756896973
0.4980783462524414
0.14201116561889648
0.5184586048126221
0.43795347213745117
0.3618803024291992
0.1402440071105957
0.5416691303253174
0.14465999603271484
0.45005273818969727
0.1408851146697998
0.1409010887145996
0.6175923347473145
0.33061909675598145
0.13575005531311035
0.1432628631591797
0.13957476615905762
0.14415287971496582
0.34180617332458496
0.5413000583648682
0.13850975036621094
0.3500962257385254
0.32964634895324707
0.5495355129241943
0.14635872840881348
0.1315593719482422
0.12536334991455078
0.43804168701171875
0.5385391712188721
0.6933259963989258
0.5954358577728271
0.01654505729675293
0.5639042854309082
0.4486861228942871
0.5947952270507812
0.4735262393951416
0.13621020317077637
0.5797502994537354
0.4640347957611084
0.1527705192565918
0.0140228271484375
0.5373811721801758
0.602597713470459
0.4624514579772949
0.5862085819244385
0.15814781188964844
0.5246038436889648
0.5800426006317139
0.6085329055786133
0.4500925540924072
0.5853779315948486
0.1489560604095459
0.41388583183288574
0.5689873695373535
0.7366209030151367
0.5417490005493164
0.4216933250427246
0.43367600440979004
0.43117570877075195
0.6163570880889893
0.46531033515930176
0.6209361553192139
0.440903902053833
0.13029026985168457
0.455294132232666
0.5800321102142334
0.14493060111999512
0.5840039253234863
0.13660097122192383
0.14955663681030273
0.5476794242858887
0.599179744720459
0.14108729362487793
0.14535927772521973
0.5468528270721436
0.38680410385131836
0.12511539459228516
0.5598773956298828
0.6394782066345215
0.14732027053833008
0.5708239078521729
0.5752308368682861
0.13508224487304688
0.3537919521331787
0.10765552520751953
0.6032388210296631
0.15683770179748535
0.1387474536895752
0.5695412158966064
0.4094688892364502
0.14331316947937012
0.1408839225769043
0.5906410217285156
0.3394804000854492
0.29312825202941895
0.15352988243103027
0.32741689682006836
0.1355574131011963
0.1409292221069336
0.1487443447113037
0.5004103183746338
0.40999627113342285
0.43696045875549316
0.11967110633850098
0.1487729549407959
0.5918076038360596
0.6585216522216797
0.5899806022644043
0.13765740394592285
0.13706231117248535
0.5887718200683594
0.05232858657836914
0.44515061378479004
0.5059788227081299
0.11945915222167969
0.6296682357788086
0.13049817085266113
0.14625120162963867
0.12298989295959473
0.1376359462738037
0.45862722396850586
0.13041186332702637
0.44362711906433105
0.13237929344177246
0.1397383213043213
0.6270654201507568
0.574918270111084
0.13322925567626953
0.4706745147705078
0.13462328910827637
0.38110923767089844
0.578784704208374
0.13161730766296387
0.13551020622253418
0.5748834609985352
0.13507795333862305
0.45488667488098145
0.6148929595947266
0.5873937606811523
0.3348884582519531
0.47564697265625
0.5877246856689453
0.5900683403015137
0.5265090465545654
0.436570405960083
0.3564417362213135
0.34766340255737305
0.5247721672058105
0.47888755798339844
0.4431800842285156
0.5627601146697998
0.5671811103820801
0.13730835914611816
0.5773458480834961
0.13256573677062988
0.5912435054779053
0.35692715644836426
0.5173718929290771
0.35356783866882324
0.172257661819458
0.13695263862609863
0.1363368034362793
0.5705480575561523
0.5893988609313965
0.6115677356719971
0.13356781005859375
0.17907428741455078
0.1527266502380371
0.6334335803985596
0.5977764129638672
0.16771936416625977
0.5668091773986816
0.5720813274383545
0.47026515007019043
0.3966867923736572
0.5556743144989014
0.6493809223175049
0.3537626266479492
0.15021443367004395
0.1872711181640625
0.5485975742340088
0.1553502082824707
0.5704872608184814
0.11716055870056152
0.6284360885620117
0.454695463180542
0.7155904769897461
0.5775408744812012
0.5968294143676758
0.3074984550476074
0.703810453414917
0.5398232936859131
0.416628360748291
0.5735728740692139
0.015001535415649414
0.1290731430053711
0.1541900634765625
0.13969945907592773
0.580986738204956
0.3531794548034668
0.4714367389678955
0.13227200508117676
0.6701452732086182
0.13909697532653809
0.13565659523010254
0.02097320556640625
0.13811016082763672
0.30261754989624023
0.15484261512756348
0.1327979564666748
0.6474318504333496
0.14141082763671875
0.5381643772125244
0.335906982421875
0.6329617500305176
0.13584446907043457
0.1348731517791748
0.45818424224853516
0.4244422912597656
0.3707273006439209
0.4803745746612549
0.1384725570678711
0.37558579444885254
0.1594095230102539
0.6366920471191406
0.14449524879455566
0.7233095169067383
0.14897608757019043
0.15748834609985352
0.15904784202575684
0.4046623706817627
0.6940317153930664
0.3547027111053467
0.5465302467346191
0.15693044662475586
0.44206905364990234
0.5405910015106201
0.1513352394104004
0.31780481338500977
0.13605642318725586
0.45911216735839844
0.141021728515625
0.40775465965270996
0.34513401985168457
0.6681225299835205
0.14934134483337402
0.13712549209594727
0.571561336517334
0.47132277488708496
0.14352154731750488
0.6371862888336182
0.4770522117614746
0.14559054374694824
0.6021454334259033
0.13074421882629395
0.1464238166809082
0.1395738124847412
0.6108014583587646
0.6085174083709717
0.6980335712432861
0.6813604831695557
0.6298904418945312
0.6222083568572998
0.35166096687316895
0.13489007949829102
0.6166965961456299
0.6018564701080322
0.5934884548187256
0.13554930686950684
0.3462545871734619
0.5580916404724121
0.6445870399475098
0.17700886726379395
0.47348856925964355
0.14047765731811523
0.15227460861206055
0.14409279823303223
0.14110970497131348
0.5882630348205566
0.7653441429138184
0.14991092681884766
0.15841388702392578
0.1385667324066162
0.6044788360595703
0.6559677124023438
0.5707340240478516
0.7902991771697998
0.35361695289611816
0.6583654880523682
0.668642520904541
0.528329610824585
0.4995436668395996
0.1606588363647461
0.1794297695159912
0.6444962024688721
0.5743932723999023
0.6306591033935547
0.1507716178894043
0.6201708316802979
0.13489460945129395
0.43723464012145996
0.6199898719787598
0.14948320388793945
0.1725924015045166
0.6025564670562744
0.15234971046447754
0.550623893737793
0.14945673942565918
0.1522533893585205
0.1514880657196045
0.14094972610473633
0.11790943145751953
0.35164952278137207
0.7570972442626953
3.30932354927063
0.3539397716522217
0.13596725463867188
0.5205390453338623
0.5181655883789062
0.4395482540130615
0.5821471214294434
0.5858616828918457
0.5789377689361572
0.13065171241760254
0.35126519203186035
0.6054198741912842
0.524141788482666
0.43892645835876465
0.16197633743286133
0.13787126541137695
0.1120903491973877
0.574303150177002
0.35027074813842773
0.4507772922515869
0.1219182014465332
0.1605396270751953
0.7366502285003662
0.1507701873779297
0.1465156078338623
0.6673569679260254
0.6754209995269775
0.6515507698059082
0.14088773727416992
0.7348403930664062
0.15714287757873535
0.5380761623382568
0.21944427490234375
0.15682077407836914
0.6122283935546875
0.6701633930206299
0.8560996055603027
0.6657698154449463
0.16357040405273438
0.7997257709503174
0.6378180980682373
0.15546154975891113
0.4338359832763672
0.17673230171203613
0.2099018096923828
0.7053356170654297
0.3401486873626709
0.17291641235351562
0.1532151699066162
0.6238970756530762
0.5687808990478516
0.3094789981842041
0.3322722911834717
0.48100972175598145
0.376598596572876
0.34638452529907227
0.1334848403930664
0.5970761775970459
0.520113468170166
0.34015750885009766
0.14356589317321777
0.7021629810333252
0.5873267650604248
0.1589341163635254
0.71101975440979
0.569737434387207
0.16872811317443848
0.586946964263916
0.1314704418182373
0.3513762950897217
0.14142274856567383
0.6232712268829346
0.6155626773834229
0.49514317512512207
0.6138930320739746
0.4444417953491211
0.6224091053009033
0.45433664321899414
0.13416576385498047
0.6261119842529297
0.5972447395324707
0.1314406394958496
0.5999109745025635
0.5468366146087646
0.2987191677093506
0.15070438385009766
0.13527488708496094
0.15704703330993652
0.13584232330322266
0.6154360771179199
0.13789606094360352
0.6081943511962891
0.09125995635986328
0.34925055503845215
0.2559947967529297
0.13357210159301758
0.4551358222961426
0.14146661758422852
0.13252782821655273
0.1388254165649414
0.382657527923584
0.5991599559783936
0.6023921966552734
0.3381059169769287
0.13617467880249023
0.35191941261291504
0.1606597900390625
0.15219879150390625
0.7039844989776611
0.657846212387085
0.24841785430908203
0.6524829864501953
1.0506360530853271
0.6245870590209961
0.7411727905273438
0.4617602825164795
0.7011046409606934
0.1640481948852539
0.769324541091919
0.5950937271118164
0.4672224521636963
0.43579840660095215
0.6034092903137207
0.14842772483825684
0.681365966796875
0.6536524295806885
0.7267374992370605
0.1428835391998291
0.5826172828674316
0.6297516822814941
0.13391375541687012
0.14699864387512207
0.1330122947692871
0.5920765399932861
0.3767664432525635
0.32869768142700195
0.597489595413208
0.62367844581604
0.3449099063873291
0.5955560207366943
0.4275827407836914
0.4421234130859375
0.4286684989929199
0.7767190933227539
0.12645268440246582
0.1461031436920166
0.14079856872558594
0.409529447555542
0.16046690940856934
0.7466461658477783
0.6231184005737305
0.7288281917572021
0.6994116306304932
0.44843339920043945
0.6275966167449951
0.682607889175415
0.5955495834350586
0.1313626766204834
0.16215252876281738
0.15825343132019043
0.13433265686035156
0.13820528984069824
0.34429240226745605
0.12537360191345215
0.12772011756896973
0.4980783462524414
0.14201116561889648
0.5184586048126221
0.43795347213745117
0.3618803024291992
0.1402440071105957
0.5416691303253174
0.14465999603271484
0.45005273818969727
0.1408851146697998
0.1409010887145996
0.6175923347473145
0.33061909675598145
0.13575005531311035
0.1432628631591797
0.13957476615905762
0.14415287971496582
0.34180617332458496
0.5413000583648682
0.13850975036621094
0.3500962257385254
0.32964634895324707
0.5495355129241943
0.14635872840881348
0.1315593719482422
0.12536334991455078
0.43804168701171875
0.5385391712188721
0.6933259963989258
0.5954358577728271
0.01654505729675293
0.5639042854309082
0.4486861228942871
0.5947952270507812
0.4735262393951416
0.13621020317077637
0.5797502994537354
0.4640347957611084
0.1527705192565918
0.0140228271484375
0.5373811721801758
0.602597713470459
0.4624514579772949
0.5862085819244385
0.15814781188964844
0.5246038436889648
0.5800426006317139
0.6085329055786133
0.4500925540924072
0.5853779315948486
0.1489560604095459
0.41388583183288574
0.5689873695373535